11.207418441772461
12.714088439941406
14.45179271697998
8.681279182434082
8.153541564941406
3.0933704376220703
5.119207382202148
2.996026039123535
2.654510259628296
2.541020154953003
3.407460927963257
3.4023611545562744
3.5933585166931152
2.955967903137207
2.985321283340454
3.551636219024658
3.0446691513061523
2.293351173400879
3.899221420288086
2.2890164852142334
3.9471781253814697
3.1041641235351562
2.824798107147217
2.8489859104156494
2.6854264736175537
2.4095213413238525
2.761897325515747
2.4736344814300537
2.542457342147827
2.2720978260040283
2.224091053009033
1.9777029752731323
2.153388500213623
1.9128857851028442
2.8862838745117188
1.8271501064300537
1.9688446521759033
2.1264593601226807
1.8437944650650024
1.985384464263916
1.7832778692245483
1.8181486129760742
1.7117228507995605
1.7454582452774048
1.7339686155319214
1.765224575996399
1.6346791982650757
1.6305173635482788
1.3215299844741821
1.3737728595733643
1.6080386638641357
1.4725173711776733
1.4304094314575195
1.459155797958374
1.5840260982513428
1.4044030904769897
1.351683497428894
1.2452173233032227
1.316660761833191
1.2555558681488037
1.2771294116973877
1.2731789350509644
1.2808781862258911
1.2800225019454956
1.1813180446624756
1.1237819194793701
1.2234984636306763
1.3339239358901978
1.1758157014846802
1.2343991994857788
1.116258978843689
1.1065795421600342
1.203241229057312
1.1700923442840576
1.1289796829223633
1.072078824043274
1.1132993698120117
1.1493024826049805
1.0442639589309692
1.097319483757019
30.98029327392578
135.9229278564453
75.72418212890625
26.618934631347656
27.48686981201172
27.103431701660156
323.6502380371094
32.959632873535156
263.4544982910156
31.033540725708008
37.32314682006836
62.11513137817383
63.582035064697266
80.80596923828125
21.72530746459961
17.821582794189453
26.433269500732422
141.98562622070312
24.4351749420166
25.69556999206543
585.8088989257812
28.733980178833008
19.907611846923828
48.40737533569336
72.34454345703125
58.58911895751953
93.81647491455078
39.20347213745117
37.11201095581055
63.92401123046875
44.41856002807617
114.72822570800781
37.47623825073242
181.91455078125
142.020751953125
55.29447937011719
98.89656066894531
48.216819763183594
31.13405990600586
39.27604293823242
25.330997467041016
59.28936767578125
26.227432250976562
45.48005676269531
78.46109008789062
60.25518798828125
33.89959716796875
23.668432235717773
32.206024169921875
95.8070068359375
73.01691436767578
724.938720703125
22.0582218170166
29.766761779785156
26.222366333007812
25.308435440063477
18.07318687438965
31.09312629699707
18.417945861816406
19.357067108154297
27.91165542602539
28.476463317871094
24.353538513183594
29.219242095947266
15.6469087600708
14.616949081420898
25.290494918823242
18.37109375
29.628385543823242
25.412416458129883
24.052024841308594
25.142662048339844
29.08426284790039
24.219314575195312
29.420740127563477
16.5583553314209
19.0765380859375
28.909528732299805
19.524160385131836
18.26892852783203
22.270404815673828
55.78829574584961
28.104270935058594
25.783540725708008
25.308103561401367
31.15007972717285
24.5582332611084
19.44100570678711
17.146081924438477
20.448537826538086
29.070470809936523
21.45878791809082
27.81953239440918
19.144453048706055
33.87114715576172
18.524242401123047
18.116220474243164
17.545574188232422
26.77937126159668
16.5398006439209
20.123266220092773
42.029666900634766
16.902212142944336
23.23689079284668
26.05480194091797
16.228221893310547
24.144027709960938
24.101667404174805
15.572794914245605
12.056986808776855
19.43812370300293
14.835880279541016
17.154634475708008
17.943836212158203
21.706016540527344
34.0292854309082
17.79373550415039
20.376951217651367
21.42154884338379
9.661968231201172
16.690122604370117
31.69147491455078
13.755853652954102
18.3220157623291
15.759705543518066
17.06448745727539
18.54160499572754
23.362668991088867
12.921713829040527
17.464231491088867
20.284183502197266
13.266098022460938
18.255918502807617
17.180219650268555
18.478866577148438
14.308625221252441
12.975837707519531
16.343976974487305
14.612914085388184
20.82913589477539
23.686498641967773
15.113588333129883
24.25541877746582
20.60529899597168
20.890892028808594
28.050567626953125
43.069114685058594
39.74245834350586
19.985904693603516
19.817533493041992
27.38627052307129
23.698928833007812
37.63225555419922
28.040311813354492
45.80350112915039
26.563934326171875
34.34428024291992
32.52546691894531
48.05227279663086
25.815610885620117
21.974929809570312
26.777549743652344
20.26502799987793
22.918806076049805
26.3353328704834
28.437108993530273
26.102176666259766
25.018999099731445
32.58097839355469
26.918737411499023
26.05661964416504
19.192834854125977
23.635852813720703
21.06961441040039
22.26128387451172
20.281991958618164
20.369190216064453
20.38178825378418
37.395198822021484
20.76417350769043
19.74993133544922
20.48297119140625
23.532907485961914
18.52803611755371
19.85970687866211
44.857749938964844
14.81041145324707
27.481910705566406
26.61109161376953
18.757694244384766
29.752906799316406
23.88958168029785
15.982840538024902
14.900057792663574
23.546051025390625
20.519052505493164
16.901832580566406
13.840320587158203
27.806167602539062
32.92460250854492
18.6035213470459
19.531158447265625
24.52398681640625
10.70480728149414
15.128777503967285
30.322179794311523
16.36888885498047
20.168237686157227
17.17688751220703
18.995542526245117
22.65386199951172
26.265676498413086
17.08037567138672
20.56238555908203
19.460479736328125
15.654458045959473
18.593599319458008
18.010969161987305
22.03263282775879
15.81773567199707
15.757851600646973
16.37184715270996
13.80500316619873
21.75107192993164
25.744476318359375
16.203702926635742
63.15908432006836
52.966854095458984
46.902042388916016
24.326278686523438
58.441017150878906
39.97895050048828
27.22464942932129
16.461957931518555
26.273542404174805
20.240602493286133
32.591854095458984
28.017019271850586
29.067874908447266
26.736629486083984
38.37313461303711
28.742599487304688
25.855497360229492
18.62721824645996
15.77743148803711
31.634550094604492
18.369434356689453
20.558258056640625
28.077693939208984
27.74881935119629
27.53225326538086
24.842239379882812
21.860902786254883
29.376436233520508
24.327409744262695
18.130952835083008
19.048675537109375
17.74082374572754
21.050260543823242
21.034042358398438
22.08519744873047
18.589569091796875
33.24869918823242
18.730981826782227
18.05816078186035
18.200448989868164
22.376577377319336
16.47825813293457
21.293184280395508
40.9548225402832
15.301321029663086
26.750041961669922
25.556882858276367
15.056632041931152
27.688989639282227
23.08595848083496
14.50505542755127
12.22159481048584
17.18647003173828
14.268781661987305
18.137603759765625
13.942163467407227
21.880130767822266
31.642147064208984
15.777266502380371
20.329587936401367
22.267457962036133
10.573302268981934
14.115874290466309
29.522018432617188
13.30777359008789
17.193504333496094
16.70981788635254
17.029939651489258
15.538397789001465
24.132579803466797
11.329499244689941
19.422616958618164
22.976091384887695
16.47841453552246
18.58570671081543
14.773407936096191
19.191930770874023
16.170772552490234
12.109947204589844
14.207375526428223
14.705406188964844
23.825077056884766
24.547576904296875
16.702800750732422
