1.0658018589019775
1.087817668914795
1.2732343673706055
1.1520707607269287
1.1020915508270264
1.0335674285888672
1.144592523574829
1.164779543876648
1.0772802829742432
0.9630542993545532
1.1135107278823853
1.0129550695419312
1.0705314874649048
0.9487922191619873
0.9575955867767334
1.0124574899673462
0.8943618535995483
0.8323773145675659
0.8953754305839539
0.8021401762962341
0.845875084400177
0.7739925980567932
0.8058032393455505
0.7898160219192505
0.7824299931526184
0.7522997856140137
0.753352701663971
0.6941596865653992
0.6938939094543457
0.6999577879905701
0.6666175723075867
0.6500822305679321
0.6619338989257812
0.6409440040588379
0.6565664410591125
0.6390731930732727
0.6535999774932861
0.6270279884338379
0.636001706123352
0.6501850485801697
0.6218903064727783
0.621079683303833
0.6298931241035461
0.6044557690620422
0.6395330429077148
0.6349475383758545
0.6170896887779236
0.6096382141113281
0.5874010324478149
0.579237163066864
0.6073927879333496
0.5839287638664246
0.5890843868255615
0.6075058579444885
0.6065555214881897
0.6042558550834656
0.5959585905075073
0.6022507548332214
0.590520977973938
0.5886908173561096
0.5955730676651001
0.5856446027755737
0.589601457118988
0.597575843334198
0.5896146893501282
0.594005286693573
0.5776453614234924
0.5964462161064148
0.5921676754951477
0.5838868618011475
0.5776029229164124
0.5903496146202087
0.5960692763328552
0.5886159539222717
0.5909838676452637
0.5683976411819458
0.5759334564208984
0.5653389692306519
0.5594074130058289
0.5744183659553528
0.9551222920417786
1.128886342048645
0.9466250538825989
1.0996532440185547
1.0194852352142334
1.0778530836105347
1.0505716800689697
1.0403934717178345
1.044723629951477
1.0193063020706177
1.013303279876709
0.9992375373840332
1.180083155632019
1.1694986820220947
1.1556947231292725
1.01847505569458
1.1844947338104248
1.1216899156570435
1.077364206314087
1.1045277118682861
1.0618765354156494
1.0908721685409546
1.0590230226516724
1.214489459991455
1.3245859146118164
1.281860113143921
1.3151721954345703
1.3334288597106934
1.2952353954315186
1.2787885665893555
1.213196039199829
1.2245947122573853
1.2036465406417847
1.1609916687011719
1.1519526243209839
1.1436717510223389
1.0795460939407349
0.9920428991317749
1.0837786197662354
1.0664987564086914
0.9958721399307251
1.091666340827942
1.0036495923995972
0.9551688432693481
1.0248520374298096
1.0081707239151
0.9424406886100769
0.8928306698799133
0.9090815186500549
0.9057537317276001
0.8815463185310364
0.9139940738677979
0.766045093536377
0.7644405364990234
0.7778719067573547
0.7564063668251038
0.6711980104446411
0.7228652238845825
1.0303750038146973
1.142125129699707
1.1589316129684448
1.018702507019043
1.2447948455810547
1.0945079326629639
1.0025947093963623
1.0683848857879639
1.2160009145736694
1.082926630973816
1.1111533641815186
1.0847702026367188
0.9613855481147766
0.9750218987464905
1.0058941841125488
0.9941150546073914
0.8981292247772217
0.9195721745491028
0.8313857316970825
0.8034626841545105
0.8572856187820435
0.8138923048973083
0.8722761273384094
0.8126519918441772
0.7954431772232056
0.8011242747306824
0.7890087366104126
0.7463416457176208
0.7435314655303955
0.7175410389900208
0.7028275728225708
0.6845461130142212
0.6873168349266052
0.6845949292182922
0.6988807916641235
0.6988664269447327
0.6923336982727051
0.6710923910140991
0.6288759112358093
0.6786495447158813
0.6320143342018127
0.6453292965888977
0.6422657370567322
0.6635296940803528
0.601639986038208
0.6488432884216309
0.6297938227653503
0.6109132766723633
0.6096333861351013
0.6353060007095337
0.6171613931655884
0.6104153990745544
0.6326025724411011
0.6185562610626221
0.6005848050117493
0.6106637120246887
0.6019888520240784
0.6241992115974426
0.6084535121917725
0.6069310903549194
0.6159035563468933
0.5783548951148987
0.6123875975608826
0.6080138683319092
0.5768871903419495
0.5979413986206055
0.5774607062339783
0.5911998152732849
0.5795889496803284
0.6009135246276855
0.568000078201294
0.5899354815483093
0.5820403695106506
0.5889180898666382
0.5984886884689331
0.562568724155426
0.5882915258407593
0.5796356797218323
0.5574513673782349
0.5614141225814819
0.5621743202209473
0.5881748199462891
0.5533975958824158
0.5742397308349609
1.0746458768844604
1.1918493509292603
1.2383366823196411
1.0243061780929565
1.347078800201416
1.1553267240524292
1.0541540384292603
1.1240618228912354
1.2463921308517456
1.1087583303451538
1.144781231880188
1.1703717708587646
1.0112009048461914
1.04446280002594
1.0594269037246704
1.0563000440597534
0.9589212536811829
0.9695174694061279
0.8633304834365845
0.8718382716178894
0.895904004573822
0.832132875919342
0.8831492066383362
0.8738805055618286
0.837605357170105
0.8239492177963257
0.8038777709007263
0.7520816326141357
0.750523030757904
0.7170774936676025
0.7214750051498413
0.6987330913543701
0.6707813739776611
0.6645682454109192
0.6738073825836182
0.6790736317634583
0.6606257557868958
0.6339495778083801
0.5868263840675354
0.6425057053565979
0.6129655838012695
0.6319703459739685
0.6182538270950317
0.6300438046455383
0.5778322219848633
0.6218626499176025
0.611000120639801
0.5828481912612915
0.5885064601898193
0.6119399070739746
0.5873337984085083
0.5803408622741699
0.6010440587997437
0.5959427952766418
0.5704541802406311
0.5854383111000061
0.5834810733795166
0.5967605113983154
0.5876166820526123
0.5802183151245117
0.5866228342056274
0.5596361756324768
0.5950155258178711
0.5850227475166321
0.5520778894424438
0.5690552592277527
0.553830623626709
0.5779396295547485
0.5546724200248718
0.5791051387786865
0.5446402430534363
0.5690869688987732
0.5602055191993713
0.5672211647033691
0.5809332728385925
0.539918839931488
0.564079999923706
0.5600655674934387
0.5374569892883301
0.5393218398094177
0.5396157503128052
0.564184844493866
0.528404712677002
0.552024781703949
1.0065934658050537
1.1341218948364258
1.2180185317993164
0.983112633228302
1.204012393951416
1.0639725923538208
1.0257612466812134
1.1103899478912354
1.227111577987671
1.0926563739776611
1.110040307044983
1.11917245388031
0.9637432098388672
0.9696483016014099
0.9903378486633301
1.0028705596923828
0.9034984707832336
0.9009047746658325
0.8337805867195129
0.79733806848526
0.8357553482055664
0.7912395000457764
0.854889452457428
0.8001283407211304
0.8183890581130981
0.7743434906005859
0.801166832447052
0.7486841082572937
0.7476663589477539
0.7087317705154419
0.7226344347000122
0.6887059807777405
0.6723375916481018
0.6691766381263733
0.6788142323493958
0.681428849697113
0.683444082736969
0.6556654572486877
0.6055280566215515
0.6849597096443176
0.6330924034118652
0.6419321894645691
0.635915219783783
0.657685399055481
0.5919637680053711
0.6347712874412537
0.6258144974708557
0.5950015783309937
0.5978818535804749
0.6267766952514648
0.6048571467399597
0.6020355224609375
0.6143903136253357
0.607113242149353
0.58228600025177
0.6038414835929871
0.5922159552574158
0.6195223331451416
0.6127747297286987
0.5929047465324402
0.6050722002983093
0.5701874494552612
0.6024727821350098
0.5971685647964478
0.5653239488601685
0.5832928419113159
0.5652552843093872
0.5918467044830322
0.5706306099891663
0.5986377596855164
0.5527682304382324
0.5843915939331055
0.571929395198822
0.5810001492500305
0.5972511768341064
0.5544953942298889
0.5834881067276001
0.5679879784584045
0.5492849946022034
0.5477120280265808
0.5533978343009949
0.581448495388031
0.5420313477516174
0.5689294338226318
