0.8046784996986389
0.8356775045394897
1.0787216424942017
0.9231870174407959
0.8577495217323303
0.7704387903213501
0.9180963635444641
0.9509173035621643
0.832584798336029
0.6896863579750061
0.8860371708869934
0.759043276309967
0.8385552763938904
0.6832045316696167
0.6977819800376892
0.7734004855155945
0.6209590435028076
0.5406666398048401
0.6283439993858337
0.501521646976471
0.5666476488113403
0.4700978994369507
0.5212202668190002
0.49606746435165405
0.4852689802646637
0.45195040106773376
0.461780846118927
0.37524789571762085
0.37608474493026733
0.39187467098236084
0.34402748942375183
0.31672295928001404
0.3406745195388794
0.31017380952835083
0.33304235339164734
0.3092496693134308
0.33040621876716614
0.28832224011421204
0.30209362506866455
0.3239647448062897
0.2839994430541992
0.28396159410476685
0.2954508364200592
0.2520595192909241
0.30703455209732056
0.30690377950668335
0.27391451597213745
0.2635563611984253
0.22714684903621674
0.21890456974506378
0.2650308907032013
0.2267109602689743
0.23768533766269684
0.26235535740852356
0.26403260231018066
0.26043087244033813
0.2501620352268219
0.25913068652153015
0.2416577786207199
0.23642683029174805
0.24526801705360413
0.23103486001491547
0.2388809621334076
0.2528108060359955
0.24010714888572693
0.24621130526065826
0.22023175656795502
0.2511870861053467
0.24104514718055725
0.23105426132678986
0.21937166154384613
0.2377120554447174
0.25116196274757385
0.2395518720149994
0.24209696054458618
0.20636700093746185
0.22220918536186218
0.20273402333259583
0.19569823145866394
0.2180381864309311
0.7564783096313477
0.974293053150177
0.7490853071212769
0.9428284168243408
0.8443436026573181
0.9209918975830078
0.8863191604614258
0.8700868487358093
0.8874099254608154
0.8564282655715942
0.8482626080513
0.8360598087310791
0.9941781759262085
0.9841457009315491
0.9581945538520813
0.780656099319458
0.9978383183479309
0.9268884658813477
0.8603165149688721
0.9052305221557617
0.8508082032203674
0.8917809128761292
0.8500154614448547
1.0303274393081665
1.1758999824523926
1.1185028553009033
1.1567027568817139
1.1807862520217896
1.1402897834777832
1.1242111921310425
1.0432460308074951
1.0609002113342285
1.0382537841796875
1.0003315210342407
0.985648512840271
0.9805980324745178
0.9027525186538696
0.7848154306411743
0.9070389866828918
0.8898627161979675
0.7964473366737366
0.9236479997634888
0.8162387013435364
0.7470104098320007
0.8464608192443848
0.8359172344207764
0.7500015497207642
0.6772534847259521
0.7148652076721191
0.7115240693092346
0.6823222637176514
0.7188891768455505
0.5403781533241272
0.5412105917930603
0.5657767653465271
0.5262733697891235
0.4173000156879425
0.4943143427371979
0.7979408502578735
0.9461495876312256
0.9674745798110962
0.7754637002944946
1.079728603363037
0.8814936876296997
0.771629810333252
0.860191285610199
1.0489510297775269
0.8832705616950989
0.9156313538551331
0.898870587348938
0.7360163927078247
0.7566978335380554
0.7925833463668823
0.7871260643005371
0.661357581615448
0.6940016746520996
0.5737689137458801
0.5406014323234558
0.6146939992904663
0.5596922636032104
0.6286201477050781
0.5657057166099548
0.5445191264152527
0.5541971325874329
0.5382338166236877
0.4739198088645935
0.4740109145641327
0.4390515387058258
0.4271034896373749
0.3956737816333771
0.4018743932247162
0.3974992334842682
0.4119607210159302
0.4142729341983795
0.4120464622974396
0.3837463855743408
0.31211432814598083
0.39314162731170654
0.325140118598938
0.3450649678707123
0.33735692501068115
0.3703554570674896
0.2812642753124237
0.3473929464817047
0.31910401582717896
0.2938610315322876
0.29578667879104614
0.3380572497844696
0.3024291396141052
0.2908768951892853
0.3267276883125305
0.3037742078304291
0.277375191450119
0.29436230659484863
0.2827717065811157
0.3177061080932617
0.29488807916641235
0.2880575954914093
0.3044019043445587
0.25287067890167236
0.2988899052143097
0.29628491401672363
0.24714146554470062
0.27727872133255005
0.2465018630027771
0.27227509021759033
0.25110647082328796
0.2869390547275543
0.23180000483989716
0.2656022906303406
0.25694242119789124
0.26874715089797974
0.28555041551589966
0.22655078768730164
0.26813939213752747
0.25183942914009094
0.21886655688285828
0.22314494848251343
0.2252327799797058
0.27262648940086365
0.21102803945541382
0.24328577518463135
0.8642593026161194
1.0126473903656006
1.0695161819458008
0.8181453943252563
1.2133846282958984
0.9770286083221436
0.8486981391906738
0.9438257217407227
1.1024874448776245
0.9311063885688782
0.9823896884918213
1.017141580581665
0.817436158657074
0.857053279876709
0.881260097026825
0.8829328417778015
0.762170672416687
0.7772667407989502
0.6361770033836365
0.6439417004585266
0.6844265460968018
0.6023665070533752
0.6633007526397705
0.6595010757446289
0.6172800660133362
0.6098976731300354
0.5811299085617065
0.502551257610321
0.5085898637771606
0.4632003903388977
0.4695413410663605
0.4451294541358948
0.4051554203033447
0.40043070912361145
0.40924251079559326
0.42611026763916016
0.4046814739704132
0.36224427819252014
0.2871286869049072
0.37686291337013245
0.3341265618801117
0.35970601439476013
0.3380928039550781
0.3564305305480957
0.2777236998081207
0.3453081548213959
0.322587788105011
0.28427720069885254
0.29945218563079834
0.3335574269294739
0.2979293763637543
0.28602173924446106
0.3208276629447937
0.3077343702316284
0.2747928500175476
0.3001958131790161
0.29043397307395935
0.3151398003101349
0.3003556728363037
0.2890930473804474
0.3061979413032532
0.25477367639541626
0.3060685396194458
0.2944548428058624
0.2471097856760025
0.2748093903064728
0.24782052636146545
0.28247684240341187
0.2537187933921814
0.2915478050708771
0.23356197774410248
0.2707138657569885
0.25786837935447693
0.2707166075706482
0.2897785007953644
0.229122132062912
0.2710750699043274
0.2614327669143677
0.22300787270069122
0.22556807100772858
0.2258910983800888
0.27306997776031494
0.21133728325366974
0.2499525099992752
0.7674474120140076
0.9311339259147644
1.0343838930130005
0.7452783584594727
1.039942741394043
0.8487477898597717
0.7944907546043396
0.9060338139533997
1.060327410697937
0.8902460336685181
0.9185717701911926
0.9420565962791443
0.7414403557777405
0.7538780570030212
0.7869292497634888
0.8057382702827454
0.6741231083869934
0.6730578541755676
0.5827668905258179
0.5447898507118225
0.5936300754547119
0.5338779091835022
0.6222971677780151
0.5568618774414062
0.5803771018981934
0.5249003171920776
0.5597900152206421
0.4851909577846527
0.48953673243522644
0.44147026538848877
0.45596277713775635
0.41408517956733704
0.392110139131546
0.3874628245830536
0.4012104570865631
0.4117043614387512
0.40774381160736084
0.36942967772483826
0.29606279730796814
0.41258785128593445
0.33755385875701904
0.3595567047595978
0.3383706212043762
0.37203946709632874
0.2813032865524292
0.3412940204143524
0.32427483797073364
0.284220427274704
0.29404416680336
0.3328596353530884
0.29616934061050415
0.29455190896987915
0.3173676133155823
0.3010842800140381
0.27046382427215576
0.30016252398490906
0.28946569561958313
0.3262999355792999
0.3099961578845978
0.2855953574180603
0.3055347502231598
0.25433725118637085
0.30762654542922974
0.2938753366470337
0.24478153884410858
0.27392253279685974
0.24782606959342957
0.2814251780509949
0.2541881501674652
0.29383689165115356
0.23138682544231415
0.2692404091358185
0.2585712969303131
0.2688598036766052
0.2936208248138428
0.23205767571926117
0.27423977851867676
0.25849834084510803
0.22143977880477905
0.22454001009464264
0.22595426440238953
0.2728293836116791
0.21217560768127441
0.25173553824424744
