13.077898979187012
14.63758373260498
16.803749084472656
10.756536483764648
10.113382339477539
4.897376537322998
7.181896209716797
5.111722946166992
4.564375400543213
4.193760871887207
5.407009124755859
5.174359321594238
5.502445220947266
4.5879645347595215
4.6406989097595215
5.337493896484375
4.559989929199219
3.6663951873779297
5.422940731048584
3.5926783084869385
5.359701156616211
4.348254680633545
4.151821613311768
4.134869575500488
3.953125476837158
3.613771438598633
3.9770307540893555
3.5430421829223633
3.612436056137085
3.3639302253723145
3.2347359657287598
2.9445080757141113
3.155996799468994
2.8640036582946777
3.8758926391601562
2.775473117828369
2.952850818634033
3.041809558868408
2.7818899154663086
2.959534168243408
2.6891674995422363
2.7231898307800293
2.6370668411254883
2.601973533630371
2.6805362701416016
2.707075834274292
2.5256834030151367
2.5037119388580322
2.136077880859375
2.171914577484131
2.4804623126983643
2.2831571102142334
2.2571792602539062
2.329017162322998
2.4546141624450684
2.269089698791504
2.1978039741516113
2.1065988540649414
2.1488394737243652
2.0806734561920166
2.1179704666137695
2.0898585319519043
2.109360694885254
2.1304092407226562
2.0110397338867188
1.963998556137085
2.0213756561279297
2.1815571784973145
2.009028434753418
2.04934024810791
1.9132335186004639
1.9346412420272827
2.0504724979400635
1.9982601404190063
1.9620604515075684
1.8468434810638428
1.9114420413970947
1.9173754453659058
1.7993695735931396
1.8897759914398193
32.69189453125
138.02610778808594
77.41989135742188
28.66141700744629
29.350698471069336
29.102275848388672
325.5871276855469
34.870113372802734
265.3866271972656
32.90927505493164
39.18471145629883
63.9504280090332
65.75629425048828
82.95960998535156
23.839197158813477
19.62071418762207
28.615602493286133
144.03421020507812
26.37285614013672
27.7053279876709
587.7215576171875
30.716632843017578
21.816650390625
50.652191162109375
74.84503173828125
60.98948287963867
96.2883529663086
41.71768569946289
39.54753494262695
66.32701110839844
46.67500305175781
117.01371765136719
39.7181396484375
184.07586669921875
144.15835571289062
57.41875076293945
100.87886047363281
49.99367904663086
33.1248779296875
41.23240280151367
27.12331771850586
61.304683685302734
28.047321319580078
47.18223571777344
80.33240509033203
62.09927749633789
35.592041015625
25.238515853881836
33.82997131347656
97.42428588867188
74.58078002929688
726.5715942382812
23.36464500427246
31.072412490844727
27.566015243530273
26.591115951538086
19.161684036254883
32.310306549072266
20.246261596679688
21.445341110229492
30.038061141967773
30.2706298828125
26.678062438964844
31.19524383544922
17.421133041381836
16.54552459716797
27.55544662475586
20.337291717529297
31.655170440673828
27.39605712890625
25.749427795410156
26.87438201904297
30.882740020751953
26.00055503845215
30.980226516723633
18.17192840576172
20.481693267822266
30.25359344482422
20.996139526367188
19.642513275146484
23.77130126953125
57.16665267944336
29.444232940673828
27.13886260986328
26.635345458984375
32.37034225463867
25.775775909423828
20.597599029541016
18.276012420654297
21.528757095336914
30.1596622467041
22.540882110595703
28.930374145507812
20.257593154907227
34.975528717041016
19.57908058166504
19.05721092224121
18.61736488342285
27.736526489257812
17.530195236206055
21.102888107299805
43.06355285644531
17.78511619567871
24.23312759399414
27.003700256347656
17.13299560546875
25.049448013305664
25.075031280517578
16.492385864257812
12.95827865600586
20.39745330810547
15.758211135864258
18.032594680786133
18.848861694335938
22.590776443481445
34.97119140625
18.69707679748535
21.271940231323242
22.341854095458984
10.493193626403809
17.60140037536621
32.59577178955078
14.579882621765137
19.197235107421875
16.583667755126953
17.927963256835938
19.37230110168457
24.250520706176758
13.721513748168945
18.31976890563965
21.123167037963867
14.123763084411621
19.139957427978516
17.96933937072754
19.335296630859375
15.140100479125977
13.752155303955078
17.128536224365234
15.400321006774902
21.689937591552734
24.450923919677734
15.931114196777344
26.194324493408203
22.809795379638672
23.198745727539062
29.89301872253418
45.62957763671875
41.874813079833984
21.888757705688477
21.885421752929688
29.735149383544922
25.738794326782227
39.75942611694336
30.227825164794922
47.632137298583984
28.465450286865234
36.28496551513672
34.464698791503906
49.77336502075195
27.562395095825195
23.474437713623047
28.2933292388916
21.84535789489746
24.35330581665039
27.88178253173828
29.970491409301758
27.55706214904785
26.45284652709961
33.96598434448242
28.173370361328125
27.315732955932617
20.373111724853516
24.82686996459961
22.213476181030273
23.337221145629883
21.34699058532715
21.452239990234375
21.48697280883789
38.460506439208984
21.76036834716797
20.623886108398438
21.50234031677246
24.479999542236328
19.519712448120117
20.81605339050293
45.84422302246094
15.665966987609863
28.449081420898438
27.544679641723633
19.624818801879883
30.640865325927734
24.835079193115234
16.86810302734375
15.766420364379883
24.46792221069336
21.4227294921875
17.747079849243164
14.72595500946045
28.680082321166992
33.83650207519531
19.491493225097656
20.400470733642578
25.416807174682617
11.519217491149902
16.029861450195312
31.201658248901367
17.168075561523438
21.012102127075195
17.978538513183594
19.855958938598633
23.46225357055664
27.136329650878906
17.858577728271484
21.40218734741211
20.278553009033203
16.492395401000977
19.464311599731445
18.780010223388672
22.867788314819336
16.63923454284668
16.5183162689209
17.136737823486328
14.570509910583496
22.588327407836914
26.48421859741211
17.005680084228516
64.9331283569336
55.032108306884766
49.15444564819336
26.054670333862305
60.68497085571289
41.89167022705078
29.04490089416504
18.478382110595703
28.56098175048828
22.2235050201416
34.62046813964844
30.078248977661133
30.77305793762207
28.460155487060547
40.1504020690918
30.55120849609375
27.43311882019043
20.201181411743164
17.193979263305664
32.97667694091797
19.79882049560547
21.88337516784668
29.554880142211914
29.105810165405273
28.931018829345703
26.141483306884766
23.221858978271484
30.61031150817871
25.564613342285156
19.28115463256836
20.227272033691406
18.84361457824707
22.114707946777344
22.090681076049805
23.16522216796875
19.682703018188477
34.33988571166992
19.75607681274414
18.95975112915039
19.297996520996094
23.34722328186035
17.479747772216797
22.26746940612793
41.98454666137695
16.17458724975586
27.726106643676758
26.50697135925293
15.935853958129883
28.580915451049805
24.045595169067383
15.406082153320312
13.118182182312012
18.118228912353516
15.176979064941406
18.990352630615234
14.84616756439209
22.761812210083008
32.58797073364258
16.700037002563477
21.208087921142578
23.178064346313477
11.3978271484375
15.025973320007324
30.413063049316406
14.117878913879395
18.05072021484375
17.522899627685547
17.90321159362793
16.363216400146484
25.025054931640625
12.113654136657715
20.276248931884766
23.80659294128418
17.32827377319336
19.476577758789062
15.559961318969727
20.049657821655273
16.99725914001465
12.880672454833984
14.97962760925293
15.484758377075195
24.67935562133789
25.30178451538086
17.523466110229492
